64
0 3
1 0 1.0 1.0
8 0 1.0 1.0
17 1 0.4 2.0
1 4
0 0 1.0 1.0
2 0 1.0 1.0
9 0 1.0 1.0
28 1 0.4 2.0
2 3
1 0 1.0 1.0
3 0 1.0 1.0
10 0 1.0 1.0
3 2
2 0 1.0 1.0
11 0 1.0 1.0
4 2
5 0 1.0 1.0
12 0 1.0 1.0
5 3
4 0 1.0 1.0
6 0 1.0 1.0
13 0 1.0 1.0
6 4
5 0 1.0 1.0
7 0 1.0 1.0
14 0 1.0 1.0
10 1 0.4 2.0
7 3
6 0 1.0 1.0
15 0 1.0 1.0
29 1 0.4 2.0
8 3
0 0 1.0 1.0
9 0 1.0 1.0
16 0 1.0 1.0
9 3
1 0 1.0 1.0
8 0 1.0 1.0
10 0 1.0 1.0
10 4
2 0 1.0 1.0
9 0 1.0 1.0
11 0 1.0 1.0
6 1 0.4 2.0
11 4
3 0 1.0 1.0
10 0 1.0 1.0
12 0 1.0 1.0
19 0 1.0 1.0
12 3
4 0 1.0 1.0
11 0 1.0 1.0
13 0 1.0 1.0
13 5
5 0 1.0 1.0
12 0 1.0 1.0
14 0 1.0 1.0
21 0 1.0 1.0
35 1 0.4 2.0
14 4
6 0 1.0 1.0
13 0 1.0 1.0
15 0 1.0 1.0
41 1 0.4 2.0
15 3
7 0 1.0 1.0
14 0 1.0 1.0
23 0 1.0 1.0
16 2
8 0 1.0 1.0
24 0 1.0 1.0
17 2
18 0 1.0 1.0
0 1 0.4 2.0
18 3
17 0 1.0 1.0
19 0 1.0 1.0
26 0 1.0 1.0
19 3
11 0 1.0 1.0
18 0 1.0 1.0
27 0 1.0 1.0
20 1
28 0 1.0 1.0
21 4
13 0 1.0 1.0
22 0 1.0 1.0
29 0 1.0 1.0
53 1 0.4 2.0
22 3
21 0 1.0 1.0
23 0 1.0 1.0
30 0 1.0 1.0
23 3
15 0 1.0 1.0
22 0 1.0 1.0
31 0 1.0 1.0
24 3
16 0 1.0 1.0
25 0 1.0 1.0
32 0 1.0 1.0
25 4
24 0 1.0 1.0
26 0 1.0 1.0
33 0 1.0 1.0
42 1 0.4 2.0
26 4
18 0 1.0 1.0
25 0 1.0 1.0
27 0 1.0 1.0
34 0 1.0 1.0
27 4
19 0 1.0 1.0
26 0 1.0 1.0
28 0 1.0 1.0
35 0 1.0 1.0
28 4
20 0 1.0 1.0
27 0 1.0 1.0
36 0 1.0 1.0
1 1 0.4 2.0
29 4
21 0 1.0 1.0
30 0 1.0 1.0
37 0 1.0 1.0
7 1 0.4 2.0
30 4
22 0 1.0 1.0
29 0 1.0 1.0
31 0 1.0 1.0
38 0 1.0 1.0
31 3
23 0 1.0 1.0
30 0 1.0 1.0
39 0 1.0 1.0
32 2
24 0 1.0 1.0
40 0 1.0 1.0
33 3
25 0 1.0 1.0
34 0 1.0 1.0
41 0 1.0 1.0
34 3
26 0 1.0 1.0
33 0 1.0 1.0
42 0 1.0 1.0
35 4
27 0 1.0 1.0
36 0 1.0 1.0
43 0 1.0 1.0
13 1 0.4 2.0
36 4
28 0 1.0 1.0
35 0 1.0 1.0
37 0 1.0 1.0
44 0 1.0 1.0
37 4
29 0 1.0 1.0
36 0 1.0 1.0
38 0 1.0 1.0
49 1 0.4 2.0
38 3
30 0 1.0 1.0
37 0 1.0 1.0
46 0 1.0 1.0
39 2
31 0 1.0 1.0
47 0 1.0 1.0
40 2
32 0 1.0 1.0
41 0 1.0 1.0
41 5
33 0 1.0 1.0
40 0 1.0 1.0
42 0 1.0 1.0
49 0 1.0 1.0
14 1 0.4 2.0
42 5
34 0 1.0 1.0
41 0 1.0 1.0
43 0 1.0 1.0
50 0 1.0 1.0
25 1 0.4 2.0
43 4
35 0 1.0 1.0
42 0 1.0 1.0
44 0 1.0 1.0
51 0 1.0 1.0
44 3
36 0 1.0 1.0
43 0 1.0 1.0
52 0 1.0 1.0
45 1
46 0 1.0 1.0
46 4
38 0 1.0 1.0
45 0 1.0 1.0
47 0 1.0 1.0
54 0 1.0 1.0
47 3
39 0 1.0 1.0
46 0 1.0 1.0
55 0 1.0 1.0
48 2
49 0 1.0 1.0
56 0 1.0 1.0
49 5
41 0 1.0 1.0
48 0 1.0 1.0
50 0 1.0 1.0
57 0 1.0 1.0
37 1 0.4 2.0
50 4
42 0 1.0 1.0
49 0 1.0 1.0
51 0 1.0 1.0
58 0 1.0 1.0
51 3
43 0 1.0 1.0
50 0 1.0 1.0
59 0 1.0 1.0
52 1
44 0 1.0 1.0
53 3
54 0 1.0 1.0
61 0 1.0 1.0
21 1 0.4 2.0
54 4
46 0 1.0 1.0
53 0 1.0 1.0
55 0 1.0 1.0
62 0 1.0 1.0
55 3
47 0 1.0 1.0
54 0 1.0 1.0
63 0 1.0 1.0
56 2
48 0 1.0 1.0
57 0 1.0 1.0
57 3
49 0 1.0 1.0
56 0 1.0 1.0
58 0 1.0 1.0
58 3
50 0 1.0 1.0
57 0 1.0 1.0
59 0 1.0 1.0
59 3
51 0 1.0 1.0
58 0 1.0 1.0
60 0 1.0 1.0
60 1
59 0 1.0 1.0
61 1
53 0 1.0 1.0
62 2
54 0 1.0 1.0
63 0 1.0 1.0
63 2
55 0 1.0 1.0
62 0 1.0 1.0
