64
0 2
8 0 1.0 1.0
17 1 0.4 2.0
1 3
2 0 1.0 1.0
9 0 1.0 1.0
28 1 0.4 2.0
2 1
1 0 1.0 1.0
3 1
11 0 1.0 1.0
4 2
5 0 1.0 1.0
12 0 1.0 1.0
5 2
4 0 1.0 1.0
6 0 1.0 1.0
6 4
5 0 1.0 1.0
7 0 1.0 1.0
14 0 1.0 1.0
10 1 0.4 2.0
7 2
6 0 1.0 1.0
29 1 0.4 2.0
8 3
0 0 1.0 1.0
16 0 1.0 1.0
46 1 0.4 2.0
9 1
1 0 1.0 1.0
10 2
11 0 1.0 1.0
6 1 0.4 2.0
11 3
3 0 1.0 1.0
10 0 1.0 1.0
19 0 1.0 1.0
12 2
4 0 1.0 1.0
13 0 1.0 1.0
13 4
12 0 1.0 1.0
14 0 1.0 1.0
21 0 1.0 1.0
35 1 0.4 2.0
14 4
6 0 1.0 1.0
13 0 1.0 1.0
15 0 1.0 1.0
41 1 0.4 2.0
15 1
14 0 1.0 1.0
16 1
8 0 1.0 1.0
17 1
0 1 0.4 2.0
18 1
19 0 1.0 1.0
19 2
11 0 1.0 1.0
18 0 1.0 1.0
20 1
58 1 0.4 2.0
21 3
13 0 1.0 1.0
29 0 1.0 1.0
53 1 0.4 2.0
22 2
23 0 1.0 1.0
30 0 1.0 1.0
23 2
22 0 1.0 1.0
31 0 1.0 1.0
24 2
25 0 1.0 1.0
32 0 1.0 1.0
25 3
24 0 1.0 1.0
26 0 1.0 1.0
42 1 0.4 2.0
26 3
25 0 1.0 1.0
27 0 1.0 1.0
34 0 1.0 1.0
27 3
26 0 1.0 1.0
28 0 1.0 1.0
35 0 1.0 1.0
28 2
27 0 1.0 1.0
1 1 0.4 2.0
29 3
21 0 1.0 1.0
37 0 1.0 1.0
7 1 0.4 2.0
30 2
22 0 1.0 1.0
38 0 1.0 1.0
31 2
23 0 1.0 1.0
39 0 1.0 1.0
32 1
24 0 1.0 1.0
33 1
58 1 0.4 2.0
34 1
26 0 1.0 1.0
35 4
27 0 1.0 1.0
36 0 1.0 1.0
43 0 1.0 1.0
13 1 0.4 2.0
36 4
35 0 1.0 1.0
37 0 1.0 1.0
44 0 1.0 1.0
55 1 0.4 2.0
37 4
29 0 1.0 1.0
36 0 1.0 1.0
38 0 1.0 1.0
49 1 0.4 2.0
38 3
30 0 1.0 1.0
37 0 1.0 1.0
46 0 1.0 1.0
39 1
31 0 1.0 1.0
40 1
41 0 1.0 1.0
41 4
40 0 1.0 1.0
42 0 1.0 1.0
49 0 1.0 1.0
14 1 0.4 2.0
42 3
41 0 1.0 1.0
43 0 1.0 1.0
25 1 0.4 2.0
43 3
35 0 1.0 1.0
42 0 1.0 1.0
44 0 1.0 1.0
44 3
36 0 1.0 1.0
43 0 1.0 1.0
52 0 1.0 1.0
45 1
46 0 1.0 1.0
46 4
38 0 1.0 1.0
45 0 1.0 1.0
54 0 1.0 1.0
8 1 0.4 2.0
47 1
55 0 1.0 1.0
48 1
49 0 1.0 1.0
49 4
41 0 1.0 1.0
48 0 1.0 1.0
57 0 1.0 1.0
37 1 0.4 2.0
50 2
51 0 1.0 1.0
58 0 1.0 1.0
51 2
50 0 1.0 1.0
56 1 0.4 2.0
52 1
44 0 1.0 1.0
53 2
54 0 1.0 1.0
21 1 0.4 2.0
54 2
46 0 1.0 1.0
53 0 1.0 1.0
55 3
47 0 1.0 1.0
63 0 1.0 1.0
36 1 0.4 2.0
56 1
51 1 0.4 2.0
57 3
49 0 1.0 1.0
58 0 1.0 1.0
61 1 0.4 2.0
58 5
50 0 1.0 1.0
57 0 1.0 1.0
59 0 1.0 1.0
20 1 0.4 2.0
33 1 0.4 2.0
59 2
58 0 1.0 1.0
60 0 1.0 1.0
60 1
59 0 1.0 1.0
61 1
57 1 0.4 2.0
62 1
63 0 1.0 1.0
63 2
55 0 1.0 1.0
62 0 1.0 1.0
